11319
35214
64373
38535
18496
6355
12760
20928
28843
45509
47629
56273
60319
60605
28701
23599
43607
13433
33438
11029
24523
66683
64888
9784
27304
14295
46891
62353
22574
39242
5706
32939
27719
31050
7599
3559
26000
10564
1797
62439
61884
8731
42183
13127
27946
57892
50601
48963
18442
54113
23273
5584
18107
62172
59758
31832
5131
30490
5099
40197
19973
57825
35091
51431
1615
15655
66255
50422
27432
1384
55143
10866
14249
64496
1210
46220
7709
26750
53766
33107
14824
24123
54367
27895
9084
61043
19264
48205
65494
48903
15416
11010
52935
28251
24725
5467
67164
56714
59610
60212
39287
25464
41009
293
54913
62833
52002
26745
21252
7063
24488
24861
13971
1729
23018
2949
30141
6485
22069
4050
26254
52426
8582
50018
23471
34488
7449
39019
19046
5349
66572
65570
55944
64440
18498
55133
17697
46651
52815
62098
7947
45446
42375
42034
11745
27168
13304
31436
51409
40321
29058
18849
42263
2360
49274
57423
66230
7233
32922
52342
57306
27816
54308
44799
9653
40235
44169
13001
3740
59447
53531
30187
28227
336
36068
26826
7297
20763
40404
25511
10148
17824
2765
15421
37376
32062
39906
4327
28352
42209
19465
4205
23293
10287
52372
22834
8231
26860
46689
7513
28300
4191
25389
60613
48546
36514
22671
8154
61238
38378
2206
35198
23217
36491
60338
64178
45727
21873
25264
31249
51355
2016
21572
3340
14558
39961
6063
31094
27381
103
36896
20994
3052
22497
28756
54131
52556
8419
60146
5363
47995
55336
46809
32679
53592
19513
5078
39087
23886
10230
60835
12671
59567
57995
6893
15274
41636
34717
56780
46730
15555
57632
11369
15775
7738
61295
28928
13194
3328
33505
67006
35646
8253
22421
5215
61003
19624
24849
17602
47654
15116
86
50843
21076
11511
49735
40127
38798
1676
14962
28493
30615
8219
7761
29173
24510
8236
59684
8648
11550
45352
48173
9579
5171
28174
20304
7507
6147
23037
58643
7
16227
9242
25299
17152
19956
13731
50469
42304
42591
53251
27470
54520
53289
18408
10477
34184
48077
45536
16186
6425
64000
1539
31994
63460
2246
52864
40926
7524
63528
42066
63002
27000
42484
3024
52473
23540
18617
34592
66524
46189
6369
39657
51225
44403
66607
67257
8696
53412
13609
65096
10497
56978
21963
65520
43541
8807
37584
26574
57561
48623
4046
17962
40680
31393
27242
50390
63506
16078
26075
38669
33311
31443
61781
32836
36238
27229
28286
13629
29467
17718
42365
2480
34979
48300
65423
47146
54723
47539
27481
14723
62836
6251
17435
20236
18183
63307
20760
38476
16806
43708
40276
64670
46602
26976
22862
52751
31006
61006
7266
15701
42382
27527
60110
52181
64273
28985
41459
34923
17440
50951
28356
5704
14602
57119
41197
48075
16488
37216
11695
46233
42228
52445
62182
18913
48413
23317
56124
33946
20824
7851
55113
30144
39976
7118
38656
61546
52676
34271
1673
47354
35022
35184
601
12864
8537
58880
45558
36618
53278
47165
9538
25356
24611
62524
28478
25848
65053
1603
28031
66007
49463
48084
29849
23285
7424
13419
33811
19505
16640
23895
11293
23561
45666
8371
63948
16772
34557
9715
21291
28635
55002
7700
41230
51490
32123
34131
63196
35131
26124
16910
7472
17332
5412
27710
49373
55337
34221
38848
20986
18250
12331
31416
40807
67231
29594
43311
20949
17528
29641
40372
55323
31103
56038
42897
42153
50904
42765
9580
63338
14079
5760
47025
35585
9662
26386
4427
865
13708
40519
12338
28266
56138
8297
10025
9843
21352
5568
35173
61299
40012
5732
37704
5367
42316
47553
54532
28275
49588
34599
10922
17685
34789
17165
63310
45192
6578
6637
4785
37178
15678
45019
17866
12823
40755
6452
19115
28020
47003
55741
10303
19722
13406
37698
22642
5498
25864
33537
47300
45221
37378
56361
55565
16729
26452
11985
18047
9218
3433
11553
2677
37257
29035
31856
1554
7949
39481
48036
14763
31053
48731
2241
22450
62406
15856
16824
41404
64560
31402
34829
65386
61253
44614
1215
50523
58544
49177
35373
66229
22985
13235
29963
7975
66247
47482
1531
54510
47673
5368
2219
46436
16471
38475
3096
51248
40529
64536
19877
2502
50288
45515
19794
67198
45053
47601
49643
21507
63859
44407
255
56257
53760
49974
27243
10714
66141
37769
48252
4106
5557
17394
28861
22208
55515
62012
43617
35182
44174
53671
7003
27596
28380
34169
5822
57126
12968
21182
22817
48610
37795
6037
9308
23369
59895
19774
6924
59042
25541
63292
39124
17483
67219
7027
48058
20082
57004
27995
54972
58664
67318
12766
6928
52143
61637
54762
61799
30718
37733
27848
16670
29335
61667
27051
36230
31748
28777
5888
43868
47010
39382
55734
17221
36596
34165
39005
50041
48494
26690
53002
46981
55096
37464
11131
8504
34572
9143
23711
55645
41768
44877
29201
31610
65609
18378
59785
24857
20548
46518
48029
44305
14931
12234
5587
4368
38381
34938
3923
63067
49152
8018
9378
36675
295
64078
38183
38376
58879
25099
11391
29420
32870
34780
65115
56018
52862
59209
32866
2114
46569
24367
66921
16102
12102
46966
54265
34066
48700
10507
45958
66444
66846
25293
24905
16325
49221
59346
6421
36833
43119
24080
60158
8384
56480
34662
15754
20378
33642
47892
50152
23544
50267
27561
43184
19290
45839
25231
10155
47178
20616
24746
23950
65538
10149
8074
47963
66226
33962
171
42206
6560
62037
12033
9392
48352
62174
58641
35344
4177
59364
47030
49539
38122
55689
62662
50945
14354
32965
32900
12776
46463
35305
34759
49256
45145
23930
62051
21779
47575
17812
66420
12103
7795
59402
53506
1535
61916
12624
2523
55236
8599
22487
63320
11677
46644
39293
8944
1427
38865
45904
9008
36358
53113
12839
45166
57154
15873
8059
41594
37718
253
42272
20354
42904
10821
58576
40223
17326
17275
44708
9269
44921
812
38607
41478
57426
34698
59089
66518
13410
40625
48325
21427
24555
56280
61111
47137
31909
28770
49243
30875
20033
22680
56748
44013
20721
21118
61641
16584
29831
62004
40774
14710
6574
28715
25171
57044
43955
